    0.000000   -1.103877   -1.052279   -1.003436   -0.947555   -0.912980   -0.855954   -0.690723   -0.598802   -0.509020   -0.478847   -0.473513   -0.468042   -0.429700   -0.297081   -0.258755   -0.228165   -0.227002   -0.197314   -0.174868   -0.112349   -0.101213    0.082418    0.106003    0.130235    0.215154
    0.010000   -1.104684   -1.054566   -1.003355   -0.947553   -0.912994   -0.855915   -0.690702   -0.598811   -0.509075   -0.478952   -0.473402   -0.469082   -0.428509   -0.297100   -0.258737   -0.228290   -0.227748   -0.197240   -0.173123   -0.112610   -0.100889    0.082321    0.106060    0.130961    0.214965
    0.020000   -1.105737   -1.056922   -1.003148   -0.947548   -0.913038   -0.855796   -0.690641   -0.598838   -0.509235   -0.479243   -0.473093   -0.470137   -0.427278   -0.297159   -0.258681   -0.228842   -0.228235   -0.197019   -0.171426   -0.113313   -0.099994    0.082034    0.106230    0.131722    0.214412
    0.030000   -1.107070   -1.059267   -1.002862   -0.947540   -0.913111   -0.855599   -0.690538   -0.598882   -0.509497   -0.479672   -0.472635   -0.471206   -0.426012   -0.297255   -0.258587   -0.229651   -0.228625   -0.196661   -0.169785   -0.114300   -0.098682    0.081566    0.106508    0.132514    0.213527
    0.040000   -1.108715   -1.061528   -1.002538   -0.947529   -0.913213   -0.855325   -0.690394   -0.598945   -0.509859   -0.480191   -0.472288   -0.472075   -0.424713   -0.297391   -0.258457   -0.230509   -0.229113   -0.196175   -0.168207   -0.115429   -0.097086    0.080934    0.106883    0.133334    0.212357
    0.050000   -1.110694   -1.063647   -1.002207   -0.947516   -0.913344   -0.854975   -0.690209   -0.599025   -0.510315   -0.480766   -0.473382   -0.471447   -0.423387   -0.297566   -0.258289   -0.231382   -0.229717   -0.195576   -0.166698   -0.116610   -0.095294    0.080153    0.107341    0.134178    0.210949
    0.060000   -1.113026   -1.065580   -1.001895   -0.947503   -0.913499   -0.854553   -0.689983   -0.599124   -0.510862   -0.481376   -0.474489   -0.470772   -0.422040   -0.297780   -0.258083   -0.232264   -0.230430   -0.194878   -0.165267   -0.117783   -0.093356    0.079243    0.107868    0.135045    0.209348
    0.070000   -1.115711   -1.067302   -1.001623   -0.947491   -0.913678   -0.854060   -0.689716   -0.599241   -0.511495   -0.482006   -0.475609   -0.470065   -0.420673   -0.298032   -0.257841   -0.233150   -0.231238   -0.194098   -0.163920   -0.118910   -0.091305    0.078222    0.108447    0.135933    0.207590
    0.080000   -1.118745   -1.068805   -1.001406   -0.947484   -0.913874   -0.853500   -0.689409   -0.599376   -0.512211   -0.482648   -0.476742   -0.469333   -0.419294   -0.298324   -0.257561   -0.234041   -0.232127   -0.193250   -0.162667   -0.119961   -0.089160    0.077106    0.109066    0.136839    0.205707
    0.090000   -1.122105   -1.070094   -1.001256   -0.947483   -0.914084   -0.852878   -0.689060   -0.599530   -0.513005   -0.483296   -0.477889   -0.468583   -0.417904   -0.298655   -0.257244   -0.234939   -0.233081   -0.192348   -0.161514   -0.120917   -0.086935    0.075908    0.109711    0.137761    0.203725
    0.100000   -1.125767   -1.071182   -1.001181   -0.947495   -0.914302   -0.852197   -0.688671   -0.599703   -0.513873   -0.483946   -0.479051   -0.467818   -0.416508   -0.299025   -0.256889   -0.235851   -0.234080   -0.191406   -0.160469   -0.121757   -0.084639    0.074642    0.110373    0.138700    0.201661
    0.110000   -1.129698   -1.072093   -1.001188   -0.947522   -0.914522   -0.851462   -0.688241   -0.599895   -0.514812   -0.484595   -0.480227   -0.467041   -0.415111   -0.299435   -0.256497   -0.236793   -0.235097   -0.190437   -0.159539   -0.122469   -0.082279    0.073318    0.111042    0.139651    0.199534
    0.120000   -1.133868   -1.072849   -1.001281   -0.947571   -0.914736   -0.850678   -0.687770   -0.600106   -0.515817   -0.485241   -0.481419   -0.466254   -0.413715   -0.299883   -0.256068   -0.237788   -0.236099   -0.189453   -0.158729   -0.123038   -0.079862    0.071946    0.111712    0.140615    0.197357
    0.130000   -1.138247   -1.073473   -1.001464   -0.947646   -0.914937   -0.849851   -0.687259   -0.600337   -0.516886   -0.485882   -0.482626   -0.465457   -0.412324   -0.300372   -0.255602   -0.238862   -0.237051   -0.188463   -0.158042   -0.123455   -0.077393    0.070532    0.112376    0.141590    0.195139
    0.140000   -1.142807   -1.073987   -1.001738   -0.947753   -0.915120   -0.848984   -0.686708   -0.600587   -0.518014   -0.486519   -0.483849   -0.464652   -0.410941   -0.300900   -0.255099   -0.240028   -0.237932   -0.187480   -0.157475   -0.123715   -0.074876    0.069083    0.113029    0.142574    0.192892
    0.150000   -1.147526   -1.074411   -1.002105   -0.947899   -0.915276   -0.848084   -0.686118   -0.600857   -0.519199   -0.487150   -0.485088   -0.463840   -0.409569   -0.301467   -0.254559   -0.241281   -0.238742   -0.186514   -0.157023   -0.123817   -0.072314    0.067605    0.113667    0.143565    0.190624
    0.160000   -1.152381   -1.074761   -1.002562   -0.948087   -0.915399   -0.847156   -0.685487   -0.601148   -0.520437   -0.487779   -0.486340   -0.463020   -0.408212   -0.302075   -0.253982   -0.242605   -0.239487   -0.185574   -0.156677   -0.123761   -0.069712    0.066103    0.114285    0.144563    0.188341
    0.170000   -1.157356   -1.075052   -1.003111   -0.948323   -0.915484   -0.846205   -0.684817   -0.601459   -0.521726   -0.488417   -0.487591   -0.462194   -0.406871   -0.302722   -0.253368   -0.243986   -0.240177   -0.184673   -0.156421   -0.123555   -0.067073    0.064581    0.114880    0.145566    0.186052
    0.180000   -1.162435   -1.075295   -1.003750   -0.948611   -0.915524   -0.845235   -0.684108   -0.601790   -0.523063   -0.489174   -0.488735   -0.461361   -0.405552   -0.303410   -0.252718   -0.245415   -0.240818   -0.183821   -0.156237   -0.123210   -0.064401    0.063043    0.115449    0.146571    0.183762
    0.190000   -1.167606   -1.075501   -1.004477   -0.948953   -0.915517   -0.844253   -0.683361   -0.602143   -0.524446   -0.490336   -0.489483   -0.460521   -0.404254   -0.304138   -0.252031   -0.246881   -0.241413   -0.183028   -0.156103   -0.122736   -0.061698    0.061491    0.115988    0.147577    0.181479
    0.200000   -1.172859   -1.075677   -1.005290   -0.949352   -0.915460   -0.843262   -0.682575   -0.602516   -0.525873   -0.491646   -0.490093   -0.459674   -0.402980   -0.304906   -0.251311   -0.248377   -0.241964   -0.182307   -0.155996   -0.122148   -0.058969    0.059930    0.116493    0.148583    0.179209
    0.210000   -1.178184   -1.075832   -1.006188   -0.949808   -0.915349   -0.842267   -0.681752   -0.602911   -0.527341   -0.492995   -0.490673   -0.458820   -0.401734   -0.305714   -0.250587   -0.249868   -0.242471   -0.181667   -0.155893   -0.121461   -0.056215    0.058361    0.116962    0.149584    0.176960
    0.220000   -1.183574   -1.075970   -1.007169   -0.950322   -0.915185   -0.841273   -0.680893   -0.603327   -0.528850   -0.494369   -0.491238   -0.457959   -0.400517   -0.306563   -0.251488   -0.249724   -0.242936   -0.181117   -0.155772   -0.120688   -0.053441    0.056787    0.117391    0.150579    0.174741
    0.230000   -1.189022   -1.076098   -1.008231   -0.950891   -0.914968   -0.840284   -0.679997   -0.603765   -0.530396   -0.495765   -0.491789   -0.457091   -0.399331   -0.307453   -0.253051   -0.248902   -0.243357   -0.180668   -0.155613   -0.119841   -0.050649    0.055210    0.117774    0.151563    0.172562
    0.240000   -1.194523   -1.076219   -1.009371   -0.951514   -0.914699   -0.839303   -0.679066   -0.604224   -0.531979   -0.497184   -0.492329   -0.456214   -0.398178   -0.308384   -0.254639   -0.248039   -0.243733   -0.180323   -0.155399   -0.118932   -0.047841    0.053633    0.118107    0.152532    0.170434
    0.250000   -1.200071   -1.076337   -1.010587   -0.952186   -0.914380   -0.838335   -0.678101   -0.604705   -0.533597   -0.498622   -0.492857   -0.455330   -0.397059   -0.309357   -0.256243   -0.247144   -0.244062   -0.180086   -0.155119   -0.117973   -0.045022    0.052058    0.118385    0.153474    0.168375
    0.260000   -1.205662   -1.076454   -1.011879   -0.952906   -0.914014   -0.837382   -0.677103   -0.605207   -0.535249   -0.500082   -0.493373   -0.454437   -0.395976   -0.310370   -0.257861   -0.246231   -0.244331   -0.179957   -0.154764   -0.116971   -0.042194    0.050486    0.118600    0.154374    0.166409
    0.270000   -1.211295   -1.076575   -1.013243   -0.953668   -0.913604   -0.836448   -0.676073   -0.605730   -0.536933   -0.501562   -0.493879   -0.453535   -0.394931   -0.311426   -0.259487   -0.245381   -0.244460   -0.179932   -0.154331   -0.115934   -0.039360    0.048919    0.118746    0.155199    0.164579
    0.280000   -1.216963   -1.076701   -1.014679   -0.954469   -0.913153   -0.835535   -0.675013   -0.606274   -0.538650   -0.503061   -0.494374   -0.452623   -0.393924   -0.312523   -0.261121   -0.245067   -0.243978   -0.180004   -0.153822   -0.114870   -0.036523    0.047359    0.118813    0.155874    0.162968
    0.290000   -1.222667   -1.076834   -1.016183   -0.955304   -0.912664   -0.834647   -0.673924   -0.606839   -0.540397   -0.504581   -0.494858   -0.451701   -0.392957   -0.313662   -0.262760   -0.245159   -0.243014   -0.180164   -0.153239   -0.113783   -0.033687    0.045808    0.118794    0.156234    0.161753
    0.300000   -1.228401   -1.076976   -1.017756   -0.956169   -0.912140   -0.833786   -0.672808   -0.607424   -0.542173   -0.506119   -0.495331   -0.450768   -0.392032   -0.314843   -0.264401   -0.245279   -0.241949   -0.180402   -0.152589   -0.112679   -0.030854    0.044267    0.118678    0.156027    0.161199
    0.310000   -1.234165   -1.077129   -1.019393   -0.957059   -0.911586   -0.832954   -0.671667   -0.608028   -0.543979   -0.507677   -0.495795   -0.449823   -0.391147   -0.316067   -0.266043   -0.245377   -0.240833   -0.180707   -0.151880   -0.111562   -0.028028    0.042739    0.118455    0.155228    0.161341
    0.320000   -1.239956   -1.077294   -1.021095   -0.957971   -0.911003   -0.832153   -0.670503   -0.608652   -0.545812   -0.509254   -0.496249   -0.448867   -0.390306   -0.317332   -0.267683   -0.245445   -0.239676   -0.181068   -0.151119   -0.110435   -0.025213    0.041225    0.118116    0.154134    0.161895
    0.330000   -1.245773   -1.077474   -1.022859   -0.958901   -0.910396   -0.831385   -0.669318   -0.609293   -0.547674   -0.510848   -0.496694   -0.447897   -0.389508   -0.318641   -0.269319   -0.245484   -0.238481   -0.181473   -0.150314   -0.109302   -0.022412    0.039727    0.117653    0.152983    0.162634
    0.340000   -1.251614   -1.077667   -1.024684   -0.959845   -0.909767   -0.830651   -0.668116   -0.609950   -0.549562   -0.512460   -0.497130   -0.446914   -0.388754   -0.319992   -0.270950   -0.245492   -0.237248   -0.181914   -0.149474   -0.108164   -0.019630    0.038246    0.117060    0.151885    0.163456
    0.350000   -1.257478   -1.077877   -1.026568   -0.960800   -0.909118   -0.829952   -0.666899   -0.610623   -0.551476   -0.514089   -0.497557   -0.445916   -0.388043   -0.321385   -0.272574   -0.245472   -0.235980   -0.182379   -0.148605   -0.107025   -0.016871    0.036786    0.116333    0.150891    0.164317
    0.360000   -1.263364   -1.078105   -1.028509   -0.961763   -0.908452   -0.829291   -0.665670   -0.611309   -0.553417   -0.515735   -0.497978   -0.444903   -0.387378   -0.322820   -0.274189   -0.245425   -0.234675   -0.182861   -0.147714   -0.105886   -0.014140    0.035347    0.115473    0.150024    0.165195
    0.370000   -1.269269   -1.078351   -1.030506   -0.962731   -0.907771   -0.828667   -0.664433   -0.612006   -0.555382   -0.517398   -0.498391   -0.443875   -0.386757   -0.324297   -0.275794   -0.245355   -0.233336   -0.183352   -0.146806   -0.104749   -0.011442    0.033932    0.114485    0.149294    0.166080
    0.380000   -1.275194   -1.078614   -1.032557   -0.963702   -0.907077   -0.828081   -0.663193   -0.612713   -0.557371   -0.519076   -0.498799   -0.442829   -0.386181   -0.325815   -0.277389   -0.245264   -0.231961   -0.183846   -0.145886   -0.103616   -0.008784    0.032545    0.113378    0.148702    0.166967
    0.390000   -1.281138   -1.078899   -1.034660   -0.964674   -0.906372   -0.827535   -0.661954   -0.613425   -0.559385   -0.520768   -0.499200   -0.441765   -0.385650   -0.327374   -0.278971   -0.245154   -0.230552   -0.184336   -0.144960   -0.102487   -0.006173    0.031189    0.112164    0.148243    0.167851
    0.400000   -1.287098   -1.079205   -1.036814   -0.965645   -0.905658   -0.827029   -0.660721   -0.614140   -0.561422   -0.522476   -0.499597   -0.440683   -0.385165   -0.328974   -0.280540   -0.245029   -0.229108   -0.184816   -0.144030   -0.101365   -0.003618    0.029868    0.110858    0.147910    0.168730
    0.410000   -1.293076   -1.079533   -1.039016   -0.966613   -0.904936   -0.826562   -0.659501   -0.614853   -0.563482   -0.524197   -0.499990   -0.439582   -0.384724   -0.330612   -0.282095   -0.244891   -0.227630   -0.185281   -0.143100   -0.100250   -0.001129    0.028588    0.109476    0.147692    0.169604
    0.420000   -1.299069   -1.079884   -1.041265   -0.967576   -0.904207   -0.826136   -0.658301   -0.615559   -0.565564   -0.525931   -0.500380   -0.438460   -0.384328   -0.332288   -0.283636   -0.244745   -0.226118   -0.185727   -0.142173   -0.099142    0.001279    0.027358    0.108036    0.147579    0.170470
    0.430000   -1.305077   -1.080259   -1.043559   -0.968534   -0.903473   -0.825750   -0.657128   -0.616253   -0.567667   -0.527679   -0.500768   -0.437318   -0.383977   -0.334001   -0.285163   -0.244594   -0.224573   -0.186150   -0.141251   -0.098045    0.003589    0.026190    0.106557    0.147560    0.171329
    0.440000   -1.311100   -1.080659   -1.045896   -0.969484   -0.902734   -0.825404   -0.655992   -0.616927   -0.569791   -0.529438   -0.501154   -0.436153   -0.383671   -0.335750   -0.286675   -0.244442   -0.222994   -0.186544   -0.140336   -0.096956    0.005775    0.025102    0.105057    0.147624    0.172181
    0.450000   -1.317137   -1.081086   -1.048273   -0.970427   -0.901992   -0.825098   -0.654903   -0.617573   -0.571934   -0.531209   -0.501540   -0.434965   -0.383409   -0.337533   -0.288172   -0.244292   -0.221383   -0.186908   -0.139430   -0.095878    0.007798    0.024124    0.103553    0.147762    0.173025
    0.460000   -1.323187   -1.081541   -1.050688   -0.971361   -0.901248   -0.824832   -0.653872   -0.618183   -0.574096   -0.532991   -0.501926   -0.433754   -0.383192   -0.339348   -0.289654   -0.244148   -0.219740   -0.187236   -0.138534   -0.094812    0.009603    0.023306    0.102064    0.147964    0.173861
    0.470000   -1.329250   -1.082025   -1.053139   -0.972285   -0.900502   -0.824606   -0.652914   -0.618744   -0.576274   -0.534784   -0.502313   -0.432519   -0.383020   -0.341193   -0.291122   -0.244015   -0.218065   -0.187527   -0.137650   -0.093757    0.011101    0.022723    0.100608    0.148222    0.174689
    0.480000   -1.335325   -1.082542   -1.055622   -0.973199   -0.899755   -0.824419   -0.652042   -0.619247   -0.578468   -0.536586   -0.502703   -0.431258   -0.382893   -0.343066   -0.292576   -0.243895   -0.216358   -0.187777   -0.136779   -0.092715    0.012183    0.022476    0.099200    0.148531    0.175511
    0.490000   -1.341412   -1.083092   -1.058134   -0.974103   -0.899009   -0.824270   -0.651273   -0.619678   -0.580675   -0.538398   -0.503096   -0.429972   -0.382812   -0.344965   -0.294016   -0.243793   -0.214622   -0.187983   -0.135921   -0.091686    0.012755    0.022646    0.097861    0.148883    0.176326
    0.500000   -1.347511   -1.083681   -1.060670   -0.974996   -0.898263   -0.824160   -0.650622   -0.620026   -0.582891   -0.540218   -0.503493   -0.428659   -0.382776   -0.346886   -0.295443   -0.243712   -0.212855   -0.188143   -0.135077   -0.090671    0.012825    0.023213    0.096607    0.149273    0.177135
    0.510000   -1.353620   -1.084313   -1.063224   -0.975878   -0.897517   -0.824087   -0.650105   -0.620280   -0.585114   -0.542047   -0.503895   -0.427319   -0.382788   -0.348826   -0.296858   -0.243656   -0.211059   -0.188255   -0.134247   -0.089669    0.012508    0.024047    0.095455    0.149698    0.177938
    0.520000   -1.359740   -1.084992   -1.065791   -0.976748   -0.896774   -0.824052   -0.649735   -0.620431   -0.587339   -0.543884   -0.504303   -0.425951   -0.382847   -0.350783   -0.298261   -0.243627   -0.209236   -0.188315   -0.133432   -0.088682    0.011941    0.024998    0.094423    0.150151    0.178737
    0.530000   -1.365870   -1.085729   -1.068359   -0.977606   -0.896033   -0.824052   -0.649525   -0.620477   -0.589559   -0.545728   -0.504718   -0.424555   -0.382957   -0.352752   -0.299653   -0.243629   -0.207387   -0.188324   -0.132630   -0.087710    0.011227    0.025949    0.093527    0.150631    0.179532
    0.540000   -1.372011   -1.086537   -1.070916   -0.978453   -0.895295   -0.824088   -0.649479   -0.620421   -0.591765   -0.547579   -0.505140   -0.423129   -0.383119   -0.354729   -0.301034   -0.243664   -0.205514   -0.188278   -0.131843   -0.086754    0.010431    0.026822    0.092783    0.151133    0.180323
    0.550000   -1.378161   -1.087430   -1.073443   -0.979289   -0.894560   -0.824159   -0.649602   -0.620275   -0.593942   -0.549436   -0.505571   -0.421675   -0.383336   -0.356708   -0.302407   -0.243734   -0.203618   -0.188175   -0.131070   -0.085813    0.009590    0.027568    0.092203    0.151654    0.181110
    0.560000   -1.384320   -1.088437   -1.075914   -0.980112   -0.893829   -0.824264   -0.649888   -0.620062   -0.596074   -0.551300   -0.506011   -0.420191   -0.383612   -0.358683   -0.303770   -0.243841   -0.201706   -0.188012   -0.130309   -0.084888    0.008727    0.028157    0.091797    0.152191    0.181896
    0.570000   -1.390489   -1.089591   -1.078292   -0.980923   -0.893101   -0.824402   -0.650333   -0.619818   -0.598131   -0.553169   -0.506462   -0.418677   -0.383953   -0.360646   -0.305126   -0.243987   -0.199782   -0.187784   -0.129561   -0.083980    0.007853    0.028571    0.091572    0.152740    0.182678
    0.580000   -1.396666   -1.090939   -1.080533   -0.981724   -0.892378   -0.824573   -0.650924   -0.619596   -0.600070   -0.555043   -0.506923   -0.417132   -0.384364   -0.362590   -0.306475   -0.244171   -0.197855   -0.187486   -0.128825   -0.083089    0.006977    0.028798    0.091530    0.153299    0.183456
    0.590000   -1.402851   -1.092525   -1.082588   -0.982512   -0.891660   -0.824776   -0.651651   -0.619470   -0.601831   -0.556923   -0.507396   -0.415558   -0.384855   -0.364504   -0.307817   -0.244395   -0.195940   -0.187103   -0.128099   -0.082215    0.006102    0.028839    0.091668    0.153864    0.184228
    0.600000   -1.409046   -1.094381   -1.084425   -0.983290   -0.890947   -0.825009   -0.652500   -0.619539   -0.603328   -0.558806   -0.507881   -0.413953   -0.385434   -0.366376   -0.309154   -0.244659   -0.194063   -0.186613   -0.127382   -0.081359    0.005231    0.028697    0.091981    0.154431    0.184984
    0.610000   -1.415248   -1.096508   -1.086044   -0.984056   -0.890240   -0.825272   -0.653460   -0.619911   -0.604466   -0.560695   -0.508378   -0.412318   -0.386113   -0.368192   -0.310486   -0.244963   -0.192269   -0.185975   -0.126674   -0.080521    0.004364    0.028383    0.092456    0.154996    0.185697
    0.620000   -1.421458   -1.098873   -1.087476   -0.984812   -0.889539   -0.825565   -0.654518   -0.620676   -0.605166   -0.562587   -0.508890   -0.410654   -0.386905   -0.369938   -0.311814   -0.245305   -0.190628   -0.185122   -0.125972   -0.079701    0.003501    0.027910    0.093082    0.155552    0.186262
    0.630000   -1.427675   -1.101428   -1.088768   -0.985557   -0.888844   -0.825885   -0.655665   -0.621863   -0.605412   -0.564483   -0.509415   -0.408960   -0.387821   -0.371598   -0.313139   -0.245686   -0.189222   -0.183975   -0.125274   -0.078900    0.002638    0.027296    0.093841    0.156094    0.186168
    0.640000   -1.433900   -1.104130   -1.089962   -0.986293   -0.888156   -0.826233   -0.656890   -0.623428   -0.605254   -0.566382   -0.509955   -0.407240   -0.388873   -0.373160   -0.314461   -0.246103   -0.188091   -0.182500   -0.124580   -0.078117    0.001773    0.026560    0.094717    0.156612    0.184826
    0.650000   -1.440132   -1.106943   -1.091093   -0.987018   -0.887475   -0.826608   -0.658187   -0.625295   -0.604780   -0.568284   -0.510511   -0.405496   -0.390066   -0.374613   -0.315781   -0.246556   -0.187188   -0.180747   -0.123887   -0.077354    0.000904    0.025721    0.095693    0.157095    0.182993
    0.660000   -1.446371   -1.109842   -1.092185   -0.987733   -0.886801   -0.827008   -0.659548   -0.627383   -0.604075   -0.570190   -0.511081   -0.403734   -0.391394   -0.375954   -0.317100   -0.247044   -0.186436   -0.178799   -0.123193   -0.076611    0.000025    0.024801    0.096751    0.157526    0.181071
    0.670000   -1.452618   -1.112809   -1.093257   -0.988440   -0.886136   -0.827432   -0.660966   -0.629633   -0.603207   -0.572097   -0.511668   -0.401971   -0.392840   -0.377185   -0.318417   -0.247564   -0.185772   -0.176723   -0.122496   -0.075887   -0.000868    0.023819    0.097874    0.157882    0.179161
    0.680000   -1.458871   -1.115831   -1.094320   -0.989138   -0.885479   -0.827881   -0.662438   -0.632002   -0.602222   -0.574008   -0.512271   -0.400263   -0.394338   -0.378314   -0.319734   -0.248114   -0.185159   -0.174560   -0.121794   -0.075184   -0.001781    0.022795    0.099047    0.158131    0.177317
    0.690000   -1.465130   -1.118899   -1.095380   -0.989827   -0.884830   -0.828352   -0.663958   -0.634461   -0.601155   -0.575920   -0.512891   -0.398899   -0.395582   -0.379356   -0.321051   -0.248694   -0.184578   -0.172335   -0.121085   -0.074502   -0.002719    0.021748    0.100257    0.158229    0.175592
    0.700000   -1.471395   -1.122008   -1.096445   -0.990508   -0.884192   -0.828845   -0.665524   -0.636989   -0.600029   -0.577833   -0.513528   -0.399115   -0.395324   -0.380323   -0.322368   -0.249301   -0.184021   -0.170062   -0.120366   -0.073840   -0.003687    0.020695    0.101490    0.158117    0.174048
    0.710000   -1.477667   -1.125152   -1.097518   -0.991182   -0.883563   -0.829359   -0.667131   -0.639574   -0.598863   -0.579747   -0.514182   -0.400697   -0.393761   -0.381233   -0.323686   -0.249933   -0.183483   -0.167749   -0.119636   -0.073201   -0.004691    0.019652    0.102734    0.157726    0.172754
    0.720000   -1.483945   -1.128327   -1.098603   -0.991848   -0.882944   -0.829892   -0.668776   -0.642204   -0.597669   -0.581661   -0.514853   -0.402617   -0.391907   -0.382097   -0.325004   -0.250589   -0.182964   -0.165403   -0.118892   -0.072583   -0.005737    0.018634    0.103980    0.156998    0.171771
    0.730000   -1.490229   -1.131531   -1.099700   -0.992508   -0.882337   -0.830445   -0.670458   -0.644874   -0.596460   -0.583573   -0.515542   -0.404666   -0.389961   -0.382926   -0.326324   -0.251267   -0.182463   -0.163028   -0.118132   -0.071988   -0.006828    0.017654    0.105218    0.155905    0.171126
    0.740000   -1.496519   -1.134760   -1.100813   -0.993162   -0.881741   -0.831016   -0.672175   -0.647576   -0.595246   -0.585476   -0.516249   -0.406792   -0.387970   -0.383726   -0.327644   -0.251964   -0.181982   -0.160628   -0.117354   -0.071416   -0.007967    0.016722    0.106440    0.154469    0.170799
    0.750000   -1.502814   -1.138014   -1.101942   -0.993810   -0.881157   -0.831603   -0.673923   -0.650309   -0.594048   -0.587359   -0.516973   -0.408973   -0.385992   -0.384461   -0.328965   -0.252680   -0.181523   -0.158205   -0.116556   -0.070868   -0.009157    0.015846    0.107638    0.152741    0.170738
    0.760000   -1.509115   -1.141292   -1.103088   -0.994453   -0.880587   -0.832206   -0.675703   -0.653068   -0.592928   -0.589161   -0.517716   -0.411196   -0.385442   -0.383727   -0.330286   -0.253412   -0.181089   -0.155762   -0.115735   -0.070344   -0.010398    0.015034    0.108807    0.150785    0.170880
    0.770000   -1.515421   -1.144590   -1.104251   -0.995090   -0.880030   -0.832823   -0.677512   -0.655851   -0.592376   -0.590399   -0.518476   -0.413453   -0.386179   -0.381677   -0.331609   -0.254160   -0.180681   -0.153301   -0.114890   -0.069845   -0.011688    0.014290    0.109940    0.148655    0.171172
    0.780000   -1.521732   -1.147909   -1.105432   -0.995724   -0.879488   -0.833454   -0.679349   -0.658655   -0.593598   -0.589867   -0.519253   -0.415736   -0.386963   -0.379557   -0.332930   -0.254920   -0.180301   -0.150824   -0.114020   -0.069373   -0.013024    0.013615    0.111033    0.146392    0.171572
    0.790000   -1.528049   -1.151247   -1.106632   -0.996353   -0.878961   -0.834096   -0.681213   -0.661479   -0.595404   -0.588759   -0.520049   -0.418042   -0.387761   -0.377405   -0.334251   -0.255693   -0.179952   -0.148335   -0.113122   -0.068927   -0.014401    0.013010    0.112081    0.144028    0.172052
    0.800000   -1.534371   -1.154603   -1.107849   -0.996980   -0.878452   -0.834749   -0.683103   -0.664322   -0.597297   -0.587574   -0.520862   -0.420366   -0.388572   -0.375228   -0.335570   -0.256475   -0.179634   -0.145835   -0.112195   -0.068508   -0.015814    0.012475    0.113080    0.141582    0.172591
    0.810000   -1.540698   -1.157978   -1.109086   -0.997603   -0.877959   -0.835412   -0.685019   -0.667180   -0.599217   -0.586375   -0.521692   -0.422706   -0.389398   -0.373031   -0.336885   -0.257267   -0.179350   -0.143328   -0.111237   -0.068119   -0.017256    0.012008    0.114026    0.139072    0.173175
    0.820000   -1.547029   -1.161369   -1.110341   -0.998224   -0.877487   -0.836082   -0.686958   -0.670055   -0.601148   -0.585178   -0.522538   -0.425057   -0.390239   -0.370816   -0.338194   -0.258067   -0.179102   -0.140817   -0.110248   -0.067760   -0.018720    0.011605    0.114916    0.136507    0.173795
    0.830000   -1.553366   -1.164777   -1.111614   -0.998843   -0.877034   -0.836758   -0.688921   -0.672943   -0.603087   -0.583989   -0.523402   -0.427419   -0.391098   -0.368590   -0.339493   -0.258873   -0.178888   -0.138305   -0.109225   -0.067432   -0.020197    0.011263    0.115747    0.133899    0.174443
    0.839999   -1.559707   -1.168200   -1.112906   -0.999461   -0.876602   -0.837440   -0.690908   -0.675844   -0.605031   -0.582811   -0.524281   -0.429789   -0.391976   -0.366357   -0.340777   -0.259685   -0.178712   -0.135798   -0.108168   -0.067137   -0.021679    0.010979    0.116512    0.131256    0.175115
    0.849999   -1.566053   -1.171638   -1.114216   -1.000078   -0.876195   -0.838123   -0.692917   -0.678756   -0.606979   -0.581648   -0.525176   -0.432166   -0.392874   -0.364128   -0.342036   -0.260501   -0.178572   -0.133299   -0.107075   -0.066876   -0.023156    0.010750    0.117205    0.128588    0.175807
    0.859999   -1.572403   -1.175092   -1.115545   -1.000695   -0.875812   -0.838808   -0.694949   -0.681679   -0.608930   -0.580500   -0.526086   -0.434548   -0.393795   -0.361919   -0.343255   -0.261320   -0.178470   -0.130816   -0.105943   -0.066651   -0.024621    0.010571    0.117805    0.125918    0.176516
    0.869999   -1.578758   -1.178560   -1.116892   -1.001312   -0.875456   -0.839492   -0.697003   -0.684610   -0.610885   -0.579371   -0.527010   -0.436933   -0.394739   -0.359761   -0.344403   -0.262141   -0.178406   -0.128353   -0.104772   -0.066462   -0.026062    0.010439    0.118250    0.123310    0.177241
    0.879999   -1.585117   -1.182041   -1.118257   -1.001930   -0.875129   -0.840172   -0.699081   -0.687549   -0.612843   -0.578261   -0.527947   -0.439322   -0.395707   -0.357713   -0.345422   -0.262964   -0.178378   -0.125921   -0.103559   -0.066312   -0.027473    0.010352    0.118210    0.121097    0.177981
    0.889999   -1.591480   -1.185536   -1.119640   -1.002549   -0.874833   -0.840846   -0.701181   -0.690492   -0.614804   -0.577172   -0.528896   -0.441712   -0.396700   -0.355906   -0.346182   -0.263787   -0.178388   -0.123528   -0.102301   -0.066200   -0.028841    0.010305    0.116653    0.120312    0.178734
    0.899999   -1.597848   -1.189043   -1.121041   -1.003170   -0.874571   -0.841513   -0.703305   -0.693439   -0.616768   -0.576106   -0.529856   -0.444103   -0.397719   -0.354596   -0.346424   -0.264610   -0.178433   -0.121185   -0.100995   -0.066127   -0.030159    0.010297    0.114104    0.120433    0.179499
    0.909999   -1.604219   -1.192564   -1.122460   -1.003793   -0.874345   -0.842169   -0.705455   -0.696386   -0.618735   -0.575064   -0.530824   -0.446494   -0.398766   -0.354098   -0.345839   -0.265432   -0.178514   -0.118904   -0.099638   -0.066091   -0.031417    0.010325    0.111332    0.120691    0.180276
    0.919999   -1.610595   -1.196096   -1.123895   -1.004419   -0.874157   -0.842811   -0.707633   -0.699331   -0.620705   -0.574050   -0.531800   -0.448883   -0.399840   -0.354399   -0.344435   -0.266252   -0.178631   -0.116701   -0.098227   -0.066092   -0.032605    0.010387    0.108483    0.120943    0.181065
    0.929999   -1.616975   -1.199641   -1.125349   -1.005048   -0.874012   -0.843438   -0.709840   -0.702268   -0.622678   -0.573065   -0.532782   -0.451272   -0.400943   -0.355189   -0.342526   -0.267070   -0.178781   -0.114590   -0.096760   -0.066123   -0.033715    0.010480    0.105591    0.121156    0.181864
    0.939999   -1.623358   -1.203197   -1.126819   -1.005681   -0.873910   -0.844046   -0.712083   -0.705193   -0.624654   -0.572113   -0.533765   -0.453658   -0.402075   -0.356223   -0.340355   -0.267885   -0.178965   -0.112587   -0.095235   -0.066179   -0.034738    0.010603    0.102670    0.121320    0.182673
    0.949999   -1.629745   -1.206765   -1.128306   -1.006317   -0.873855   -0.844632   -0.714366   -0.708098   -0.626633   -0.571196   -0.534748   -0.456041   -0.403238   -0.357381   -0.338043   -0.268696   -0.179180   -0.110709   -0.093656   -0.066248   -0.035668    0.010755    0.099724    0.121431    0.183492
    0.959999   -1.636136   -1.210343   -1.129810   -1.006959   -0.873851   -0.845194   -0.716697   -0.710973   -0.628615   -0.570319   -0.535726   -0.458421   -0.404431   -0.358606   -0.335648   -0.269503   -0.179426   -0.108971   -0.092029   -0.066315   -0.036496    0.010933    0.096759    0.121488    0.184321
    0.969999   -1.642531   -1.213932   -1.131330   -1.007607   -0.873899   -0.845730   -0.719088   -0.713809   -0.630601   -0.569486   -0.536694   -0.460796   -0.405656   -0.359870   -0.333198   -0.270306   -0.179703   -0.107387   -0.090367   -0.066361   -0.037219    0.011136    0.093777    0.121489    0.185158
    0.979999   -1.648929   -1.217532   -1.132867   -1.008260   -0.874002   -0.846236   -0.721548   -0.716591   -0.632589   -0.568704   -0.537647   -0.463167   -0.406912   -0.361157   -0.330708   -0.271103   -0.180008   -0.105969   -0.088692   -0.066359   -0.037832    0.011364    0.090781    0.121436    0.186004
    0.989999   -1.655331   -1.221143   -1.134419   -1.008919   -0.874163   -0.846712   -0.724089   -0.719308   -0.634580   -0.567980   -0.538577   -0.465532   -0.408201   -0.362458   -0.328188   -0.271895   -0.180340   -0.104728   -0.087030   -0.066276   -0.038331    0.011615    0.087772    0.121330    0.186857
    0.999999   -1.661737   -1.224762   -1.135988   -1.009585   -0.874383   -0.847155   -0.726716   -0.721954   -0.636576   -0.567321   -0.539477   -0.467892   -0.409522   -0.363769   -0.325644   -0.272682   -0.180700   -0.103671   -0.085417   -0.066075   -0.038714    0.011888    0.084754    0.121170    0.187717
