    0.000000    3.990261    4.074946    4.208982    4.378521    4.436178    4.603007    4.644479    4.788476    4.810240    4.851685    4.877192    4.960907    4.976194    5.105460    5.278699    5.334930    5.468176    5.500311    5.631314    5.702955    5.832788    5.833317    5.929393    6.124581    6.157006
    0.010000    3.992224    4.074968    4.208994    4.378533    4.435915    4.602819    4.644487    4.785806    4.810242    4.851729    4.877201    4.960928    4.975699    5.105476    5.278714    5.334512    5.469004    5.500323    5.631316    5.702966    5.833267    5.833323    5.929404    6.124590    6.157018
    0.020000    3.994085    4.075039    4.209033    4.378569    4.435621    4.602622    4.644510    4.782954    4.810247    4.851846    4.877230    4.960993    4.975207    5.105525    5.278759    5.334030    5.469800    5.500363    5.631323    5.702998    5.833338    5.833742    5.929440    6.124587    6.157054
    0.030000    3.995839    4.075165    4.209096    4.378628    4.435296    4.602418    4.644548    4.779944    4.810256    4.852015    4.877278    4.961101    4.974722    5.105607    5.278835    5.333489    5.470553    5.500435    5.631336    5.703053    5.833364    5.834214    5.929498    6.124573    6.157115
    0.040000    3.997479    4.075352    4.209185    4.378712    4.434940    4.602209    4.644598    4.776793    4.810267    4.852213    4.877346    4.961250    4.974240    5.105721    5.278941    5.332889    5.471260    5.500546    5.631354    5.703128    5.833402    5.834684    5.929579    6.124547    6.157201
    0.050000    3.998997    4.075609    4.209300    4.378819    4.434552    4.601994    4.644661    4.773519    4.810283    4.852427    4.877432    4.961444    4.973763    5.105867    5.279077    5.332232    5.471911    5.500700    5.631379    5.703225    5.833449    5.835151    5.929685    6.124508    6.157313
    0.060000    4.000391    4.075940    4.209439    4.378950    4.434134    4.601776    4.644733    4.770137    4.810301    4.852642    4.877538    4.961679    4.973290    5.106046    5.279243    5.331520    5.472498    5.500903    5.631410    5.703343    5.833508    5.835615    5.929813    6.124458    6.157450
    0.070000    4.001649    4.076350    4.209605    4.379105    4.433684    4.601556    4.644816    4.766660    4.810323    4.852843    4.877663    4.961957    4.972823    5.106257    5.279439    5.330753    5.473016    5.501157    5.631447    5.703482    5.833576    5.836076    5.929964    6.124394    6.157614
    0.080000    4.002772    4.076845    4.209796    4.379284    4.433202    4.601336    4.644907    4.763100    4.810349    4.853021    4.877806    4.962277    4.972360    5.106502    5.279665    5.329937    5.473458    5.501471    5.631493    5.703643    5.833654    5.836534    5.930139    6.124317    6.157803
    0.090000    4.003753    4.077429    4.210012    4.379486    4.432690    4.601114    4.645006    4.759465    4.810377    4.853168    4.877969    4.962638    4.971901    5.106778    5.279922    5.329070    5.473819    5.501844    5.631545    5.703825    5.833745    5.836990    5.930337    6.124228    6.158019
    0.100000    4.004590    4.078103    4.210255    4.379712    4.432146    4.600894    4.645111    4.755763    4.810409    4.853275    4.878150    4.963039    4.971447    5.107087    5.280208    5.328156    5.474095    5.502279    5.631606    5.704028    5.833844    5.837444    5.930558    6.124125    6.158262
    0.110000    4.005283    4.078871    4.210523    4.379962    4.431571    4.600676    4.645223    4.752001    4.810443    4.853338    4.878351    4.963480    4.970998    5.107429    5.280525    5.327194    5.474282    5.502778    5.631674    5.704252    5.833954    5.837895    5.930802    6.124010    6.158530
    0.120000    4.005830    4.079731    4.210817    4.380236    4.430964    4.600461    4.645339    4.748185    4.810483    4.853351    4.878571    4.963959    4.970553    5.107803    5.280872    5.326189    5.474381    5.503339    5.631752    5.704497    5.834075    5.838345    5.931069    6.123881    6.158824
    0.130000    4.006232    4.080681    4.211138    4.380534    4.430326    4.600249    4.645460    4.744321    4.810524    4.853310    4.878808    4.964476    4.970114    5.108210    5.281249    5.325140    5.474391    5.503961    5.631838    5.704762    5.834207    5.838791    5.931360    6.123739    6.159145
    0.140000    4.006492    4.081720    4.211485    4.380854    4.429657    4.600042    4.645584    4.740413    4.810570    4.853213    4.879065    4.965027    4.969678    5.108648    5.281656    5.324049    5.474314    5.504641    5.631933    5.705049    5.834349    5.839237    5.931673    6.123585    6.159491
    0.150000    4.006614    4.082843    4.211859    4.381198    4.428958    4.599840    4.645711    4.736464    4.810618    4.853057    4.879339    4.965612    4.969249    5.109119    5.282093    5.322919    5.474153    5.505373    5.632038    5.705355    5.834501    5.839680    5.932009    6.123419    6.159864
    0.160000    4.006601    4.084048    4.212259    4.381567    4.428228    4.599643    4.645841    4.732480    4.810671    4.852841    4.879632    4.966230    4.968823    5.109623    5.282560    5.321749    5.473909    5.506155    5.632151    5.705682    5.834664    5.840121    5.932367    6.123240    6.160260
    0.170000    4.006459    4.085326    4.212687    4.381959    4.427468    4.599451    4.645971    4.728461    4.810726    4.852564    4.879943    4.966877    4.968403    5.110159    5.283057    5.320542    5.473588    5.506979    5.632274    5.706028    5.834836    5.840561    5.932749    6.123049    6.160682
    0.180000    4.006195    4.086673    4.213143    4.382374    4.426677    4.599267    4.646103    4.724411    4.810786    4.852224    4.880272    4.967553    4.967988    5.110727    5.283584    5.319300    5.473192    5.507842    5.632407    5.706395    5.835020    5.840999    5.933154    6.122849    6.161129
    0.190000    4.005812    4.088081    4.213626    4.382812    4.425856    4.599088    4.646236    4.720333    4.810849    4.851824    4.880619    4.967577    4.968255    5.111328    5.284140    5.318021    5.472727    5.508739    5.632549    5.706782    5.835213    5.841436    5.933580    6.122636    6.161599
    0.200000    4.005320    4.089546    4.214139    4.383275    4.425005    4.598917    4.646368    4.716228    4.810915    4.851361    4.880983    4.967172    4.968980    5.111960    5.284727    5.316710    5.472196    5.509663    5.632701    5.707189    5.835417    5.841873    5.934030    6.122412    6.162093
    0.210000    4.004722    4.091057    4.214680    4.383760    4.424125    4.598753    4.646501    4.712098    4.810985    4.850838    4.881365    4.966771    4.969727    5.112624    5.285343    5.315367    5.471603    5.510609    5.632863    5.707616    5.835631    5.842308    5.934502    6.122180    6.162610
    0.220000    4.004027    4.092610    4.215250    4.384269    4.423216    4.598598    4.646632    4.707945    4.811058    4.850255    4.881765    4.966376    4.970492    5.113320    5.285989    5.313992    5.470952    5.511573    5.633034    5.708061    5.835855    5.842743    5.934995    6.121936    6.163150
    0.230000    4.003240    4.094198    4.215851    4.384802    4.422279    4.598450    4.646763    4.703771    4.811135    4.849611    4.882182    4.965987    4.971275    5.114048    5.286665    5.312587    5.470246    5.512552    5.633215    5.708527    5.836089    5.843177    5.935512    6.121684    6.163713
    0.240000    4.002367    4.095814    4.216482    4.385357    4.421312    4.598309    4.646892    4.699575    4.811217    4.848910    4.882616    4.965602    4.972072    5.114808    5.287370    5.311153    5.469488    5.513541    5.633406    5.709011    5.836333    5.843610    5.936050    6.121422    6.164297
    0.250000    4.001414    4.097451    4.217144    4.385936    4.420318    4.598176    4.647019    4.695362    4.811301    4.848152    4.883067    4.965223    4.972881    5.115599    5.288105    5.309691    5.468680    5.514536    5.633605    5.709514    5.836587    5.844046    5.936611    6.121152    6.164903
    0.260000    4.000386    4.099105    4.217837    4.386538    4.419297    4.598053    4.647144    4.691130    4.811390    4.847340    4.883534    4.964849    4.973699    5.116421    5.288870    5.308202    5.467826    5.515535    5.633813    5.710037    5.836851    5.844479    5.937193    6.120874    6.165530
    0.270000    3.999288    4.100769    4.218563    4.387162    4.418247    4.597937    4.647267    4.686882    4.811482    4.846472    4.884018    4.964480    4.974526    5.117275    5.289665    5.306686    5.466928    5.516533    5.634031    5.710577    5.837125    5.844914    5.937797    6.120589    6.166178
    0.280000    3.998125    4.102437    4.219321    4.387810    4.417171    4.597829    4.647387    4.682618    4.811578    4.845554    4.884518    4.964118    4.975358    5.118158    5.290488    5.305146    5.465988    5.517530    5.634256    5.711136    5.837409    5.845351    5.938424    6.120296    6.166845
    0.290000    3.996901    4.104107    4.220113    4.388482    4.416070    4.597729    4.647505    4.678339    4.811678    4.844584    4.885034    4.963761    4.976192    5.119072    5.291341    5.303580    5.465008    5.518522    5.634490    5.711713    5.837702    5.845788    5.939071    6.119996    6.167533
    0.300000    3.995619    4.105772    4.220938    4.389175    4.414941    4.597637    4.647619    4.674045    4.811782    4.843565    4.885567    4.963409    4.977028    5.120018    5.292223    5.301992    5.463989    5.519507    5.634733    5.712309    5.838005    5.846226    5.939741    6.119689    6.168240
    0.310000    3.994285    4.107428    4.221798    4.389892    4.413787    4.597554    4.647730    4.669737    4.811890    4.842499    4.886115    4.963063    4.977864    5.120992    5.293135    5.300380    5.462935    5.520483    5.634982    5.712922    5.838317    5.846666    5.940431    6.119377    6.168966
    0.320000    3.992900    4.109072    4.222693    4.390631    4.412608    4.597478    4.647839    4.665416    4.812001    4.841387    4.886678    4.962723    4.978697    5.121997    5.294076    5.298746    5.461843    5.521450    5.635239    5.713553    5.838639    5.847108    5.941143    6.119058    6.169711
    0.330000    3.991469    4.110699    4.223623    4.391393    4.411406    4.597410    4.647943    4.661085    4.812117    4.840230    4.887257    4.962389    4.979526    5.123031    5.295045    5.297091    5.460718    5.522405    5.635502    5.714200    5.838969    5.847553    5.941876    6.118736    6.170474
    0.340000    3.989993    4.112307    4.224589    4.392177    4.410180    4.597349    4.648044    4.656740    4.812237    4.839030    4.887851    4.962061    4.980349    5.124094    5.295413    5.296046    5.459560    5.523347    5.635771    5.714866    5.839309    5.848001    5.942630    6.118407    6.171255
    0.350000    3.988476    4.113892    4.225591    4.392982    4.408930    4.597296    4.648141    4.652384    4.812361    4.837790    4.888459    4.961739    4.981164    5.125185    5.293717    5.297073    5.458371    5.524275    5.636047    5.715548    5.839657    5.848453    5.943406    6.118073    6.172053
    0.360000    3.986920    4.115452    4.226629    4.393811    4.407659    4.597251    4.648018    4.648235    4.812489    4.836509    4.889082    4.961422    4.981970    5.126303    5.292002    5.298130    5.457151    5.525187    5.636328    5.716246    5.840014    5.848907    5.944201    6.117734    6.172869
    0.370000    3.985328    4.116983    4.227704    4.394660    4.406366    4.597212    4.643641    4.648324    4.812621    4.835189    4.889721    4.961113    4.982766    5.127450    5.290268    5.299216    5.455902    5.526084    5.636613    5.716961    5.840381    5.849365    5.945018    6.117393    6.173702
    0.380000    3.983701    4.118484    4.228817    4.395530    4.405054    4.597181    4.639255    4.648410    4.812758    4.833833    4.890373    4.960810    4.983551    5.128623    5.288515    5.300331    5.454623    5.526963    5.636904    5.717691    5.840755    5.849828    5.945855    6.117046    6.174551
    0.390000    3.982041    4.119954    4.229965    4.396418    4.403724    4.597156    4.634859    4.648491    4.812898    4.832441    4.891039    4.960514    4.984322    5.129824    5.286745    5.301474    5.453317    5.527825    5.637198    5.718437    5.841137    5.850296    5.946712    6.116697    6.175418
    0.400000    3.980350    4.121388    4.231151    4.397316    4.402385    4.597137    4.630454    4.648569    4.813043    4.831015    4.891719    4.960223    4.985080    5.131050    5.284958    5.302646    5.451984    5.528670    5.637496    5.719199    5.841527    5.850770    5.947590    6.116343    6.176300
    0.410000    3.978630    4.122787    4.232374    4.398199    4.401064    4.597125    4.626040    4.648642    4.813191    4.829555    4.892412    4.959939    4.985823    5.132302    5.283153    5.303846    5.450624    5.529495    5.637796    5.719975    5.841926    5.851249    5.948489    6.115987    6.177198
    0.420000    3.976881    4.124148    4.233634    4.398797    4.400031    4.597118    4.621618    4.648710    4.813344    4.828063    4.893119    4.959663    4.986551    5.133578    5.281333    5.305075    5.449239    5.530301    5.638098    5.720764    5.842331    5.851732    5.949407    6.115629    6.178112
    0.430000    3.975106    4.125471    4.234930    4.397948    4.400446    4.597118    4.617188    4.648775    4.813501    4.826541    4.893839    4.959393    4.987262    5.134879    5.279498    5.306333    5.447829    5.531090    5.638402    5.721568    5.842744    5.852225    5.950345    6.115267    6.179041
    0.440000    3.973306    4.126754    4.236260    4.396587    4.401378    4.597123    4.612751    4.648836    4.813662    4.824988    4.894572    4.959131    4.987957    5.136202    5.277647    5.307618    5.446395    5.531857    5.638709    5.722386    5.843163    5.852724    5.951303    6.114903    6.179986
    0.450000    3.971482    4.127997    4.237627    4.395155    4.402384    4.597133    4.608305    4.648891    4.813827    4.823408    4.895317    4.958875    4.988634    5.137549    5.275780    5.308931    5.444938    5.532607    5.639015    5.723215    5.843591    5.853231    5.952281    6.114536    6.180945
    0.460000    3.969635    4.129200    4.239028    4.393692    4.403426    4.597148    4.603852    4.648943    4.813996    4.821799    4.896076    4.958627    4.989294    5.138918    5.273900    5.310273    5.443457    5.533335    5.639321    5.724058    5.844024    5.853747    5.953278    6.114167    6.181920
    0.470000    3.967766    4.130361    4.240464    4.392208    4.404496    4.597169    4.599392    4.648990    4.814169    4.820164    4.896846    4.958385    4.989933    5.140308    5.272006    5.311642    5.441954    5.534044    5.639628    5.724913    5.844463    5.854271    5.954294    6.113796    6.182909
    0.480000    3.965876    4.131480    4.241931    4.390704    4.405590    4.594925    4.597194    4.649033    4.814347    4.818504    4.897628    4.958153    4.990555    5.141719    5.270098    5.313039    5.440430    5.534732    5.639934    5.725780    5.844909    5.854803    5.955330    6.113425    6.183912
    0.490000    3.963966    4.132557    4.243431    4.389184    4.406707    4.590453    4.597223    4.649072    4.814528    4.816818    4.898422    4.957927    4.991158    5.143150    5.268178    5.314464    5.438885    5.535402    5.640237    5.726656    5.845361    5.855346    5.956385    6.113050    6.184929
    0.500000    3.962037    4.133593    4.244961    4.387647    4.407848    4.585973    4.597257    4.649107    4.814714    4.815109    4.899228    4.957710    4.991741    5.144601    5.266245    5.315916    5.437318    5.536051    5.640540    5.727542    5.845818    5.855900    5.957459    6.112675    6.185961
    0.510000    3.960089    4.134587    4.246521    4.386096    4.409010    4.581487    4.597295    4.649137    4.813376    4.814903    4.900044    4.957500    4.992305    5.146070    5.264300    5.317395    5.435731    5.536681    5.640840    5.728440    5.846281    5.856463    5.958552    6.112299    6.187006
    0.520000    3.958124    4.135540    4.248108    4.384531    4.410196    4.576995    4.597336    4.649162    4.811622    4.815097    4.900872    4.957299    4.992848    5.147556    5.262342    5.318902    5.434125    5.537291    5.641138    5.729345    5.846748    5.857038    5.959663    6.111922    6.188066
    0.530000    3.956142    4.136451    4.249722    4.382953    4.411402    4.572499    4.597381    4.649184    4.809845    4.815293    4.901711    4.957105    4.993372    5.149059    5.260373    5.320436    5.432500    5.537882    5.641433    5.730259    5.847221    5.857625    5.960794    6.111543    6.189139
    0.540000    3.954144    4.137322    4.251362    4.381363    4.412631    4.567996    4.597429    4.649201    4.808048    4.815495    4.902561    4.956921    4.993877    5.150579    5.258392    5.321997    5.430856    5.538454    5.641723    5.731181    5.847698    5.858224    5.961943    6.111164    6.190227
    0.550000    3.952129    4.138154    4.253025    4.379762    4.413882    4.563488    4.597481    4.649214    4.806231    4.815699    4.903420    4.956746    4.994361    5.152114    5.256401    5.323585    5.429193    5.539006    5.642011    5.732110    5.848180    5.858835    5.963110    6.110785    6.191326
    0.560000    3.950100    4.138945    4.254709    4.378150    4.415154    4.558973    4.597534    4.649224    4.804394    4.815907    4.904291    4.956579    4.994826    5.153664    5.254399    5.325200    5.427514    5.539539    5.642293    5.733045    5.848667    5.859459    5.964295    6.110404    6.192439
    0.570000    3.948056    4.139697    4.256413    4.376529    4.416448    4.554455    4.597591    4.649228    4.802539    4.816119    4.905170    4.956420    4.995271    5.155227    5.252386    5.326840    5.425816    5.540054    5.642572    5.733986    5.849158    5.860096    5.965498    6.110023    6.193565
    0.580000    3.945999    4.140413    4.258134    4.374900    4.417764    4.549931    4.597651    4.649229    4.800665    4.816335    4.906060    4.956272    4.995698    5.156803    5.250364    5.328507    5.424102    5.540551    5.642845    5.734931    5.849653    5.860749    5.966720    6.109641    6.194705
    0.590000    3.943928    4.141090    4.259871    4.373264    4.419100    4.545403    4.597713    4.649226    4.798773    4.816554    4.906959    4.956132    4.996104    5.158392    5.248331    5.330200    5.422371    5.541029    5.643114    5.735880    5.850153    5.861414    5.967959    6.109260    6.195858
    0.600000    3.941843    4.141733    4.261623    4.371621    4.420458    4.540869    4.597776    4.649218    4.796865    4.816776    4.907867    4.956003    4.996491    5.159992    5.246290    5.331920    5.420624    5.541490    5.643376    5.736834    5.850656    5.862094    5.969216    6.108879    6.197022
    0.610000    3.939747    4.142340    4.263384    4.369975    4.421837    4.536331    4.597843    4.649207    4.794940    4.817002    4.908784    4.955883    4.996860    5.161603    5.244240    5.333664    5.418863    5.541934    5.643632    5.737790    5.851164    5.862788    5.970490    6.108498    6.198201
    0.620000    3.937638    4.142912    4.265155    4.368325    4.423237    4.531788    4.597910    4.649192    4.792999    4.817230    4.909710    4.955774    4.997209    5.163224    5.242180    5.335434    5.417085    5.542359    5.643883    5.738747    5.851676    5.863497    5.971782    6.108117    6.199391
    0.630000    3.935518    4.143451    4.266932    4.366673    4.424659    4.527242    4.597980    4.649172    4.791043    4.817462    4.910645    4.955675    4.997541    5.164854    5.240113    5.337231    5.415291    5.542768    5.644127    5.739706    5.852191    5.864222    5.973091    6.107735    6.200594
    0.640000    3.933386    4.143957    4.268713    4.365021    4.426101    4.522691    4.598052    4.649149    4.789071    4.817697    4.911588    4.955585    4.997853    5.166492    5.238037    5.339051    5.413485    5.543161    5.644365    5.740665    5.852712    5.864962    5.974418    6.107355    6.201810
    0.650000    3.931242    4.144432    4.270493    4.363371    4.427564    4.518136    4.598125    4.649123    4.787085    4.817935    4.912539    4.955508    4.998148    5.168138    5.235955    5.340897    5.411663    5.543538    5.644597    5.741624    5.853237    5.865716    5.975760    6.106974    6.203039
    0.660000    3.929089    4.144876    4.272271    4.361725    4.429047    4.513577    4.598198    4.649093    4.785085    4.818175    4.913497    4.955441    4.998425    5.169790    5.233865    5.342768    5.409827    5.543898    5.644820    5.742582    5.853766    5.866487    5.977120    6.106594    6.204278
    0.670000    3.926925    4.145290    4.274043    4.360085    4.430552    4.509013    4.598274    4.649058    4.783071    4.818418    4.914463    4.955386    4.998685    5.171448    5.231768    5.344663    5.407979    5.544243    5.645038    5.743538    5.854300    5.867271    5.978497    6.106216    6.205532
    0.680000    3.924751    4.145676    4.275805    4.358456    4.432076    4.504447    4.598351    4.649022    4.781044    4.818664    4.915435    4.955342    4.998928    5.173111    5.229665    5.346581    5.406116    5.544573    5.645247    5.744491    5.854837    5.868073    5.979890    6.105837    6.206797
    0.690000    3.922567    4.146033    4.277553    4.356839    4.433621    4.499876    4.598428    4.648981    4.779003    4.818911    4.916415    4.955310    4.999154    5.174778    5.227556    5.348525    5.404242    5.544887    5.645450    5.745441    5.855381    5.868890    5.981299    6.105459    6.208074
    0.700000    3.920374    4.146363    4.279282    4.355237    4.435186    4.495301    4.598506    4.648936    4.776950    4.819160    4.917402    4.955291    4.999362    5.176446    5.225442    5.350491    5.402355    5.545187    5.645644    5.746386    5.855929    5.869722    5.982725    6.105083    6.209363
    0.710000    3.918173    4.146668    4.280988    4.353656    4.436772    4.490723    4.598585    4.648888    4.774885    4.819412    4.918395    4.955284    4.999556    5.178117    5.223326    5.352480    5.400456    5.545473    5.645832    5.747327    5.856483    5.870570    5.984168    6.104707    6.210664
    0.720000    3.915961    4.146947    4.282664    4.352101    4.438377    4.486142    4.598666    4.648837    4.772808    4.819666    4.919393    4.955290    4.999733    5.179787    5.221206    5.354493    5.398546    5.545744    5.646012    5.748263    5.857042    5.871433    5.985625    6.104332    6.211977
    0.730000    3.913742    4.147201    4.284304    4.350578    4.440003    4.481556    4.598747    4.648783    4.770720    4.819922    4.920397    4.955309    4.999894    5.181455    5.219086    5.356528    5.396625    5.546002    5.646185    5.749192    5.857607    5.872313    5.987099    6.103959    6.213302
    0.740000    3.911513    4.147432    4.285900    4.349092    4.441647    4.476968    4.598828    4.648726    4.768620    4.820179    4.921406    4.955342    5.000041    5.183117    5.216966    5.358585    5.394693    5.546247    5.646350    5.750114    5.858178    5.873207    5.988587    6.103586    6.214638
    0.750000    3.909277    4.147641    4.287444    4.347652    4.443312    4.472376    4.598910    4.648666    4.766510    4.820437    4.922421    4.955389    5.000172    5.184771    5.214852    5.360662    5.392753    5.546478    5.646507    5.751028    5.858755    5.874117    5.990093    6.103215    6.215988
    0.760000    3.907034    4.147826    4.288924    4.346269    4.444995    4.467782    4.598994    4.648602    4.764388    4.820698    4.923440    4.955451    5.000288    5.186410    5.212748    5.362760    5.390802    5.546697    5.646656    5.751935    5.859339    5.875041    5.991612    6.102845    6.217348
    0.770000    3.904782    4.147990    4.290331    4.344951    4.446698    4.463184    4.599077    4.648536    4.762257    4.820959    4.924463    4.955527    5.000391    5.188026    5.210663    5.364876    5.388846    5.546903    5.646798    5.752832    5.859928    5.875981    5.993148    6.102477    6.218720
    0.780000    3.902522    4.148134    4.291651    4.343710    4.448419    4.458583    4.599161    4.648468    4.760115    4.821221    4.925489    4.955619    5.000479    5.189603    5.208611    5.367009    5.386885    5.547097    5.646931    5.753720    5.860525    5.876935    5.994698    6.102110    6.220104
    0.790000    3.900256    4.148258    4.292870    4.342564    4.450159    4.453979    4.599247    4.648396    4.757964    4.821484    4.926519    4.955727    5.000553    5.191112    5.206623    5.369152    5.384923    5.547279    5.647057    5.754599    5.861130    5.877904    5.996263    6.101745    6.221499
    0.800000    3.897982    4.148361    4.293970    4.341525    4.449372    4.451917    4.599331    4.648322    4.755803    4.821748    4.927552    4.955852    5.000614    5.192495    5.204756    5.371294    5.382976    5.547450    5.647175    5.755466    5.861741    5.878888    5.997843    6.101382    6.222907
    0.810000    3.895702    4.148448    4.294935    4.340612    4.444762    4.453694    4.599417    4.648246    4.753633    4.822011    4.928586    4.955992    5.000661    5.193614    5.203147    5.373397    5.381077    5.547609    5.647286    5.756320    5.862361    5.879885    5.999437    6.101020    6.224326
    0.820000    3.893414    4.148515    4.295746    4.339842    4.440149    4.455488    4.599503    4.648167    4.751454    4.822276    4.929623    4.956151    5.000696    5.194186    5.202079    5.375281    5.379410    5.547758    5.647389    5.757164    5.862988    5.880896    6.001046    6.100661    6.225756
    0.830000    3.891120    4.148564    4.296385    4.339231    4.435534    4.457300    4.599590    4.648086    4.749266    4.822540    4.930661    4.956328    5.000719    5.193859    5.201903    5.375766    5.379153    5.547895    5.647484    5.757997    5.863622    5.881922    6.002669    6.100303    6.227199
    0.839999    3.888820    4.148597    4.296837    4.338797    4.430916    4.459129    4.599678    4.648003    4.747068    4.822803    4.931699    4.956525    5.000729    5.192670    5.202585    5.374300    5.380858    5.548023    5.647572    5.758814    5.864265    5.882961    6.004306    6.099947    6.228652
    0.849999    3.886514    4.148612    4.297089    4.338551    4.426295    4.460975    4.599765    4.647918    4.744864    4.823067    4.932737    4.956740    5.000726    5.190984    5.203756    5.372404    5.383004    5.548140    5.647652    5.759621    5.864917    5.884015    6.005957    6.099593    6.230116
    0.859999    3.884201    4.148612    4.297133    4.338500    4.421672    4.462838    4.599855    4.647831    4.742651    4.823331    4.933774    4.956977    5.000712    5.189058    5.205161    5.370413    5.385257    5.548247    5.647724    5.760413    5.865577    5.885080    6.007621    6.099242    6.231594
    0.869999    3.881882    4.148595    4.296968    4.338646    4.417046    4.464717    4.599945    4.647743    4.740430    4.823594    4.934810    4.957235    5.000687    5.187010    5.206680    5.368385    5.387558    5.548345    5.647789    5.761192    5.866246    5.886160    6.009299    6.098892    6.233082
    0.879999    3.879558    4.148565    4.296596    4.338984    4.412418    4.466612    4.600036    4.647653    4.738202    4.823855    4.935842    4.957515    5.000649    5.184894    5.208261    5.366335    5.389891    5.548433    5.647848    5.761955    5.866924    5.887252    6.010989    6.098545    6.234581
    0.889999    3.877228    4.148519    4.296029    4.339505    4.407786    4.468522    4.600128    4.647561    4.735965    4.824116    4.936871    4.957819    5.000602    5.182735    5.209878    5.364271    5.392249    5.548512    5.647898    5.762704    5.867610    5.888356    6.012694    6.098201    6.236092
    0.899999    3.874892    4.148459    4.295280    4.340194    4.403153    4.470448    4.600221    4.647468    4.733721    4.824377    4.937895    4.958148    5.000543    5.180548    5.211516    5.362194    5.394630    5.548582    5.647942    5.763438    5.868305    5.889472    6.014411    6.097859    6.237615
    0.909999    3.872551    4.148386    4.294363    4.341037    4.398517    4.472387    4.600314    4.647374    4.731470    4.824634    4.938915    4.958500    5.000473    5.178339    5.213168    5.360108    5.397032    5.548644    5.647978    5.764157    5.869010    5.890602    6.016141    6.097518    6.239149
    0.919999    3.870205    4.148297    4.293298    4.342013    4.393879    4.474341    4.600410    4.647279    4.729212    4.824891    4.939927    4.958880    5.000394    5.176115    5.214827    5.358014    5.399454    5.548697    5.648007    5.764860    5.869723    5.891741    6.017883    6.097182    6.240694
    0.929999    3.867854    4.148197    4.292102    4.343107    4.389239    4.476309    4.600508    4.647183    4.726947    4.825147    4.940932    4.959289    5.000305    5.173878    5.216492    5.355911    5.401893    5.548742    5.648030    5.765548    5.870447    5.892893    6.019639    6.096848    6.242250
    0.939999    3.865497    4.148084    4.290790    4.344301    4.384596    4.478291    4.600606    4.647087    4.724675    4.825399    4.941929    4.959725    5.000205    5.171630    5.218159    5.353800    5.404352    5.548779    5.648046    5.766219    5.871180    5.894057    6.021405    6.096517    6.243819
    0.949999    3.863136    4.147957    4.289377    4.345582    4.379951    4.480284    4.600707    4.646990    4.722398    4.825651    4.942915    4.960191    5.000095    5.169373    5.219828    5.351682    5.406827    5.548809    5.648055    5.766874    5.871922    5.895231    6.023184    6.096189    6.245399
    0.959999    3.860770    4.147819    4.287877    4.346934    4.375305    4.482289    4.600809    4.646894    4.720113    4.825899    4.943890    4.960689    4.999976    5.167108    5.221496    5.349557    5.409319    5.548831    5.648057    5.767512    5.872673    5.896416    6.024975    6.095863    6.246989
    0.969999    3.858399    4.147669    4.286302    4.348348    4.370656    4.484307    4.600913    4.646797    4.717822    4.826146    4.944854    4.961220    4.999847    5.164836    5.223163    5.347428    5.411828    5.548846    5.648052    5.768135    5.873434    5.897612    6.026777    6.095542    6.248591
    0.979999    3.856024    4.147507    4.284661    4.349813    4.366004    4.486334    4.601020    4.646700    4.715525    4.826389    4.945805    4.961783    4.999710    5.162557    5.224828    5.345291    5.414352    5.548853    5.648042    5.768740    5.874204    5.898817    6.028591    6.095224    6.250206
    0.989999    3.853644    4.147333    4.282962    4.351319    4.361351    4.488373    4.601130    4.646604    4.713222    4.826630    4.946740    4.962381    4.999565    5.160273    5.226490    5.343149    5.416893    5.548855    5.648025    5.769330    5.874983    5.900033    6.030415    6.094909    6.251831
    0.999999    3.851259    4.147149    4.281213    4.352861    4.356695    4.490420    4.601242    4.646510    4.710913    4.826869    4.947662    4.963016    4.999410    5.157982    5.228149    5.341003    5.419448    5.548849    5.648001    5.769902    5.875772    5.901258    6.032251    6.094597    6.253468
